psnr : 16.110963 
ssim : 0.449750 
psnr : 15.989346 
ssim : 0.438169 
avg psnr : 16.050154